0 0.17650462962962962 0.18854166666666666 0.15162037037037038 0.34375 0.1527777777777778 0.34375 0.19560185185185186 0.035416666666666666
0 0.17650462962962962 0.18854166666666666 0.15162037037037038 0.34375 0.13541666666666666 0.5270833333333333 0.2199074074074074 0.8166666666666667
0 0.17650462962962962 0.18854166666666666 0.15162037037037038 0.34375 0.29050925925925924 0.58125 0.45023148148148145 0.725
0 0.17650462962962962 0.18854166666666666 0.15162037037037038 0.34375 0.2986111111111111 0.2125 0.42939814814814814 0.4354166666666667
0 0.17650462962962962 0.18854166666666666 0.15162037037037038 0.34375 0.46064814814814814 0.17916666666666667 0.6342592592592593 0.18541666666666667
0 0.17650462962962962 0.18854166666666666 0.15162037037037038 0.34375 0.45949074074074076 0.4708333333333333 0.6354166666666666 0.4666666666666667
0 0.17650462962962962 0.18854166666666666 0.15162037037037038 0.34375 0.4722222222222222 0.7458333333333333 0.6446759259259259 0.73125
0 0.17650462962962962 0.18854166666666666 0.15162037037037038 0.34375 0.6805555555555556 0.70625 0.8379629629629629 0.8229166666666666
0 0.17650462962962962 0.18854166666666666 0.15162037037037038 0.34375 0.6782407407407407 0.5270833333333333 0.8344907407407407 0.41041666666666665
0 0.17650462962962962 0.18854166666666666 0.15162037037037038 0.34375 0.6689814814814815 0.27708333333333335 0.8101851851851852 0.125
