0 0.21064814814814814 0.21041666666666667 0.1736111111111111 0.3458333333333333 0.16435185185185186 0.34791666666666665 0.2523148148148148 0.06875
0 0.21064814814814814 0.21041666666666667 0.1736111111111111 0.3458333333333333 0.13657407407407407 0.4625 0.20833333333333334 0.7645833333333333
0 0.21064814814814814 0.21041666666666667 0.1736111111111111 0.3458333333333333 0.2604166666666667 0.45416666666666666 0.4398148148148148 0.43125
0 0.21064814814814814 0.21041666666666667 0.1736111111111111 0.3458333333333333 0.4479166666666667 0.33541666666666664 0.5023148148148148 0.041666666666666664
0 0.21064814814814814 0.21041666666666667 0.1736111111111111 0.3458333333333333 0.4710648148148148 0.46458333333333335 0.6458333333333334 0.44375
0 0.21064814814814814 0.21041666666666667 0.1736111111111111 0.3458333333333333 0.6793981481481481 0.275 0.8067129629629629 0.09375
0 0.21064814814814814 0.21041666666666667 0.1736111111111111 0.3458333333333333 0.6770833333333334 0.5104166666666666 0.84375 0.5145833333333333
0 0.21064814814814814 0.21041666666666667 0.1736111111111111 0.3458333333333333 0.33101851851851855 0.5770833333333333 0.34375 0.9041666666666667
0 0.21064814814814814 0.21041666666666667 0.1736111111111111 0.3458333333333333 0.4965277777777778 0.61875 0.6319444444444444 0.81875
0 0.21064814814814814 0.21041666666666667 0.1736111111111111 0.3458333333333333 0.6747685185185185 0.7333333333333333 0.8414351851851852 0.7916666666666666
