0 0.16550925925925927 0.18645833333333334 0.1388888888888889 0.33958333333333335 0.15856481481481483 0.029166666666666667 0.1724537037037037 0.34375
0 0.16550925925925927 0.18645833333333334 0.1388888888888889 0.33958333333333335 0.36921296296296297 0.2875 0.3148148148148148 0.59375
0 0.16550925925925927 0.18645833333333334 0.1388888888888889 0.33958333333333335 0.16087962962962962 0.5166666666666667 0.15856481481481483 0.85
0 0.16550925925925927 0.18645833333333334 0.1388888888888889 0.33958333333333335 0.4479166666666667 0.6416666666666667 0.3287037037037037 0.8875
0 0.16550925925925927 0.18645833333333334 0.1388888888888889 0.33958333333333335 0.4710648148148148 0.2520833333333333 0.6423611111111112 0.23333333333333334
0 0.16550925925925927 0.18645833333333334 0.1388888888888889 0.33958333333333335 0.4710648148148148 0.4625 0.6458333333333334 0.4375
0 0.16550925925925927 0.18645833333333334 0.1388888888888889 0.33958333333333335 0.4837962962962963 0.675 0.6585648148148148 0.65
0 0.16550925925925927 0.18645833333333334 0.1388888888888889 0.33958333333333335 0.6736111111111112 0.7229166666666667 0.8414351851851852 0.7020833333333333
0 0.16550925925925927 0.18645833333333334 0.1388888888888889 0.33958333333333335 0.6712962962962963 0.4166666666666667 0.8333333333333334 0.525
0 0.16550925925925927 0.18645833333333334 0.1388888888888889 0.33958333333333335 0.6817129629629629 0.28125 0.8113425925925926 0.10833333333333334
