0 0.1556712962962963 0.353125 0.13541666666666666 0.33958333333333335 0.15856481481481483 0.19375 0.15856481481481483 0.5166666666666667
0 0.1556712962962963 0.353125 0.13541666666666666 0.33958333333333335 0.1597222222222222 0.5270833333333333 0.1597222222222222 0.8541666666666666
0 0.1556712962962963 0.353125 0.13541666666666666 0.33958333333333335 0.3298611111111111 0.25 0.3425925925925926 0.5645833333333333
0 0.1556712962962963 0.353125 0.13541666666666666 0.33958333333333335 0.3333333333333333 0.58125 0.34375 0.9041666666666667
0 0.1556712962962963 0.353125 0.13541666666666666 0.33958333333333335 0.4849537037037037 0.6791666666666667 0.6585648148148148 0.6479166666666667
0 0.1556712962962963 0.353125 0.13541666666666666 0.33958333333333335 0.4710648148148148 0.4666666666666667 0.6446759259259259 0.44166666666666665
0 0.1556712962962963 0.353125 0.13541666666666666 0.33958333333333335 0.4675925925925926 0.25 0.6400462962962963 0.21875
0 0.1556712962962963 0.353125 0.13541666666666666 0.33958333333333335 0.6712962962962963 0.28958333333333336 0.8356481481481481 0.28958333333333336
0 0.1556712962962963 0.353125 0.13541666666666666 0.33958333333333335 0.6770833333333334 0.50625 0.84375 0.5083333333333333
0 0.1556712962962963 0.353125 0.13541666666666666 0.33958333333333335 0.6828703703703703 0.7229166666666667 0.8541666666666666 0.71875
