0 0.1892361111111111 0.184375 0.19328703703703703 0.23125 0.09606481481481481 0.1875 0.2824074074074074 0.1875
0 0.1892361111111111 0.184375 0.19328703703703703 0.23125 0.49189814814814814 0.3416666666666667 0.49421296296296297 0.03125
0 0.1892361111111111 0.184375 0.19328703703703703 0.23125 0.6145833333333334 0.3375 0.6180555555555556 0.03333333333333333
0 0.1892361111111111 0.184375 0.19328703703703703 0.23125 0.7349537037037037 0.0375 0.7314814814814815 0.3416666666666667
0 0.1892361111111111 0.184375 0.19328703703703703 0.23125 0.46412037037037035 0.46041666666666664 0.6365740740740741 0.4666666666666667
0 0.1892361111111111 0.184375 0.19328703703703703 0.23125 0.15625 0.45 0.19560185185185186 0.7666666666666667
0 0.1892361111111111 0.184375 0.19328703703703703 0.23125 0.2604166666666667 0.825 0.4444444444444444 0.8041666666666667
0 0.1892361111111111 0.184375 0.19328703703703703 0.23125 0.4699074074074074 0.8020833333333334 0.6458333333333334 0.8104166666666667
0 0.1892361111111111 0.184375 0.19328703703703703 0.23125 0.6631944444444444 0.80625 0.8368055555555556 0.7979166666666667
0 0.1892361111111111 0.184375 0.19328703703703703 0.23125 0.7013888888888888 0.63125 0.8344907407407407 0.44375
