0 0.7575231481481481 0.7666666666666667 0.17708333333333334 0.2708333333333333 0.6793981481481481 0.7104166666666667 0.8379629629629629 0.8270833333333333
0 0.7575231481481481 0.7666666666666667 0.17708333333333334 0.2708333333333333 0.4675925925925926 0.7541666666666667 0.6458333333333334 0.7395833333333334
0 0.7575231481481481 0.7666666666666667 0.17708333333333334 0.2708333333333333 0.6828703703703703 0.5333333333333333 0.8356481481481481 0.41875
0 0.7575231481481481 0.7666666666666667 0.17708333333333334 0.2708333333333333 0.4583333333333333 0.46458333333333335 0.6342592592592593 0.46875
0 0.7575231481481481 0.7666666666666667 0.17708333333333334 0.2708333333333333 0.2881944444444444 0.5770833333333333 0.45023148148148145 0.7229166666666667
0 0.7575231481481481 0.7666666666666667 0.17708333333333334 0.2708333333333333 0.13425925925925927 0.5270833333333333 0.21412037037037038 0.8166666666666667
0 0.7575231481481481 0.7666666666666667 0.17708333333333334 0.2708333333333333 0.6689814814814815 0.27708333333333335 0.8078703703703703 0.125
0 0.7575231481481481 0.7666666666666667 0.17708333333333334 0.2708333333333333 0.46064814814814814 0.16875 0.6342592592592593 0.18541666666666667
0 0.7575231481481481 0.7666666666666667 0.17708333333333334 0.2708333333333333 0.29976851851851855 0.21458333333333332 0.4305555555555556 0.43333333333333335
0 0.7575231481481481 0.7666666666666667 0.17708333333333334 0.2708333333333333 0.20023148148148148 0.035416666666666666 0.15046296296296297 0.34375
